---
version:
  config: 925cfb5f4bca8c5d8d594d3f515cc2e200585c63
  puppet: 4.8.1
resources:
  changed: 2
  corrective_change: 2
  failed: 0
  failed_to_restart: 0
  out_of_sync: 2
  restarted: 0
  scheduled: 0
  skipped: 0
  total: 99
time:
  anchor: 0.000369971
  config_retrieval: 2.988578584
  cron: 0.001527682
  exec: 3.594984135
  file: 0.087029267
  filebucket: 9.3505e-05
  ini_setting: 0.012297945000000001
  ini_subsetting: 0.000569854
  package: 4.889553205
  puppetdb_conn_validator: 0.092194369
  schedule: 0.000327477
  service: 0.044022518
  total: 11.713853853
  yumrepo: 0.002305341
  last_run: 1484173166
changes:
  total: 2
events:
  failure: 0
  success: 2
  total: 2
